0, 0, 0, 0, 0, 0, 1, 0, 0, 0, 0, 0, 0, 0, 
0, 0, 0, 0, 0, 0, 0, 0, 0, 0, 0, 1, 0, 1, 
0, 0, 0, 0, 0, 0, 0, 0, 1, 0, 0, 0, 0, 0, 
0, 0, 0, 0, 0, 0, 1, 0, 1, 0, 1, 0, 0, 0, 
0, 0, 0, 0, 0, 0, 0, 0, 1, 0, 0, 0, 0, 0, 
0, 0, 0, 0, 0, 0, 0, 1, 0, 1, 1, 0, 0, 0, 
1, 0, 0, 1, 0, 0, 0, 0, 0, 0, 0, 0, 1, 0, 
0, 0, 0, 0, 0, 1, 0, 0, 0, 0, 0, 0, 0, 1, 
0, 0, 1, 1, 1, 0, 0, 0, 0, 0, 0, 0, 0, 0, 
0, 0, 0, 0, 0, 1, 0, 0, 0, 0, 0, 0, 0, 1, 
0, 0, 0, 1, 0, 1, 0, 0, 0, 0, 0, 0, 0, 0, 
0, 1, 0, 0, 0, 0, 0, 0, 0, 0, 0, 0, 0, 0, 
0, 0, 0, 0, 0, 0, 1, 0, 0, 0, 0, 0, 0, 0, 
0, 1, 0, 0, 0, 0, 0, 1, 0, 1, 0, 0, 0, 0, 
0, 0, 3.0, 8.0
1, 1, 4.0, 1.0
2, 2, 0.0, 6.0
3, 3, 3.0, 6.0
4, 4, 1.0, 5.0
5, 5, 3.0, 3.0
6, 6, 3.0, 7.0
7, 7, 3.0, 2.0
8, 8, 1.0, 6.0
9, 9, 4.0, 3.0
10, 10, 3.0, 4.0
11, 11, 4.0, 0.0
12, 12, 2.0, 7.0
13, 13, 4.0, 2.0
