0, 1, 0, 0, 0, 1, 0, 1, 0, 1, 0, 
1, 0, 1, 0, 0, 0, 0, 0, 0, 0, 0, 
0, 1, 0, 1, 0, 0, 0, 1, 0, 0, 0, 
0, 0, 1, 0, 0, 0, 1, 0, 0, 0, 1, 
0, 0, 0, 0, 0, 0, 0, 0, 1, 0, 1, 
1, 0, 0, 0, 0, 0, 1, 0, 0, 0, 0, 
0, 0, 0, 1, 0, 1, 0, 0, 0, 0, 0, 
1, 0, 1, 0, 0, 0, 0, 0, 0, 0, 0, 
0, 0, 0, 0, 1, 0, 0, 0, 0, 1, 0, 
1, 0, 0, 0, 0, 0, 0, 0, 1, 0, 0, 
0, 0, 0, 1, 1, 0, 0, 0, 0, 0, 0, 
0, 0, 1.0, 2.0
1, 1, 2.0, 2.0
2, 2, 2.0, 1.0
3, 3, 2.0, 0.0
4, 4, 3.0, 1.0
5, -1, 0.0, 2.0
6, -1, 0.0, 0.0
7, -1, 1.0, 1.0
8, -1, 3.0, 3.0
9, -1, 1.0, 3.0
10, -1, 3.0, 0.0
